3.400000000000000000e+01 0.000000000000000000e+00 3.500000000000000000e+01 1.860000000000000000e+02
5.400000000000000000e+01 0.000000000000000000e+00 5.500000000000000000e+01 1.170000000000000000e+02
7.800000000000000000e+01 0.000000000000000000e+00 8.000000000000000000e+01 1.620000000000000000e+02
2.800000000000000000e+01 0.000000000000000000e+00 3.000000000000000000e+01 1.790000000000000000e+02
4.700000000000000000e+01 0.000000000000000000e+00 5.000000000000000000e+01 1.600000000000000000e+02
8.000000000000000000e+01 0.000000000000000000e+00 8.500000000000000000e+01 1.570000000000000000e+02
2.200000000000000000e+01 0.000000000000000000e+00 2.500000000000000000e+01 1.360000000000000000e+02
5.400000000000000000e+01 0.000000000000000000e+00 6.000000000000000000e+01 1.110000000000000000e+02
6.700000000000000000e+01 0.000000000000000000e+00 7.500000000000000000e+01 1.190000000000000000e+02
2.500000000000000000e+01 0.000000000000000000e+00 3.000000000000000000e+01 8.000000000000000000e+01
4.900000000000000000e+01 0.000000000000000000e+00 6.000000000000000000e+01 8.900000000000000000e+01
6.900000000000000000e+01 0.000000000000000000e+00 8.500000000000000000e+01 9.100000000000000000e+01
1.900000000000000000e+01 0.000000000000000000e+00 2.500000000000000000e+01 5.300000000000000000e+01
4.000000000000000000e+01 0.000000000000000000e+00 5.500000000000000000e+01 6.200000000000000000e+01
5.500000000000000000e+01 0.000000000000000000e+00 7.500000000000000000e+01 6.100000000000000000e+01
2.400000000000000000e+01 0.000000000000000000e+00 3.500000000000000000e+01 2.900000000000000000e+01
3.400000000000000000e+01 0.000000000000000000e+00 5.000000000000000000e+01 3.000000000000000000e+01
5.400000000000000000e+01 0.000000000000000000e+00 8.000000000000000000e+01 3.000000000000000000e+01
1.400000000000000000e+01 0.000000000000000000e+00 2.500000000000000000e+01 1.900000000000000000e+01
2.700000000000000000e+01 0.000000000000000000e+00 5.000000000000000000e+01 2.100000000000000000e+01
4.100000000000000000e+01 0.000000000000000000e+00 7.500000000000000000e+01 2.000000000000000000e+01
1.500000000000000000e+01 0.000000000000000000e+00 3.500000000000000000e+01 1.300000000000000000e+01
2.500000000000000000e+01 0.000000000000000000e+00 6.000000000000000000e+01 1.400000000000000000e+01
3.300000000000000000e+01 0.000000000000000000e+00 8.000000000000000000e+01 1.400000000000000000e+01
1.100000000000000000e+01 0.000000000000000000e+00 3.000000000000000000e+01 7.000000000000000000e+00
2.000000000000000000e+01 0.000000000000000000e+00 5.500000000000000000e+01 7.000000000000000000e+00
3.100000000000000000e+01 0.000000000000000000e+00 8.500000000000000000e+01 7.000000000000000000e+00
